0.7857142857142857        7.866110120500837e-05        0.6212121212121212        0.9090909090909091        0.8333333333333334        0.8695652173913043        [[ 1  2]
 [ 1 10]]
0.7333333333333333        6.539026896158854e-05        0.5        1.0        0.7333333333333333        0.8461538461538461        [[ 0  4]
 [ 0 11]]
0.7857142857142857        7.49826431274414e-05        0.5        1.0        0.7857142857142857        0.88        [[ 0  3]
 [ 0 11]]
0.6470588235294118        5.858084734748392e-05        0.4230769230769231        0.8461538461538461        0.7333333333333333        0.7857142857142857        [[ 0  4]
 [ 2 11]]
0.9375        6.19739294052124e-05        0.8333333333333334        1.0        0.9285714285714286        0.9629629629629629        [[ 2  1]
 [ 0 13]]
0.8235294117647058        5.9296103084788606e-05        0.5        1.0        0.8235294117647058        0.9032258064516129        [[ 0  3]
 [ 0 14]]
0.8        0.00010115305582682291        0.625        0.9166666666666666        0.8461538461538461        0.88        [[ 1  2]
 [ 1 11]]
0.8666666666666667        0.00011571248372395833        0.6666666666666667        1.0        0.8571428571428571        0.9230769230769231        [[ 1  2]
 [ 0 12]]
0.8125        0.0        0.6282051282051282        0.9230769230769231        0.8571428571428571        0.8888888888888888        [[ 1  2]
 [ 1 12]]
0.875        6.319582462310791e-05        0.6666666666666667        1.0        0.8666666666666667        0.9285714285714286        [[ 1  2]
 [ 0 13]]
model trained with linear kernel and C=0.1.