0.8571428571428571        0.0006983791078839983        0.787878787878788        0.9090909090909091        0.9090909090909091        0.9090909090909091        [[ 2  1]
 [ 1 10]]
0.8        0.0005384445190429688        0.7045454545454546        0.9090909090909091        0.8333333333333334        0.8695652173913043        [[ 2  2]
 [ 1 10]]
0.7142857142857143        0.0006386211940220424        0.45454545454545453        0.9090909090909091        0.7692307692307693        0.8333333333333334        [[ 0  3]
 [ 1 10]]
0.7647058823529411        0.0004385218900792739        0.6730769230769231        0.8461538461538461        0.8461538461538461        0.8461538461538461        [[ 2  2]
 [ 2 11]]
1.0        0.0005020052194595337        1.0        1.0        1.0        1.0        [[ 3  0]
 [ 0 13]]
0.7058823529411765        0.0004744249231675092        0.5595238095238095        0.7857142857142857        0.8461538461538461        0.8148148148148148        [[ 1  2]
 [ 3 11]]
0.9333333333333333        0.0005887190500895183        0.9583333333333333        0.9166666666666666        1.0        0.9565217391304348        [[ 3  0]
 [ 1 11]]
0.8666666666666667        0.0005136966705322265        0.6666666666666667        1.0        0.8571428571428571        0.9230769230769231        [[ 1  2]
 [ 0 12]]
0.8125        0.0004813671112060547        0.7564102564102566        0.8461538461538461        0.9166666666666666        0.88        [[ 2  1]
 [ 2 11]]
0.8125        0.0005464702844619751        0.6282051282051282        0.9230769230769231        0.8571428571428571        0.8888888888888888        [[ 1  2]
 [ 1 12]]
model trained with rbf kernel and C=10.